0
0.0113166250946744
0.02263330386762705
0.03395009000360046
0.045267037199977884
0.056584199173271295
0.06790162966548673
0.0792193824504826
0.09053751134036904
0.10185607019193264
0.11317511291301594
0.12449469346898379
0.13581486588914587
0.14713568427322843
0.15845720279787018
0.16977947572310753
0.18110255739892372
0.19242650227180066
0.20375136489129256
0.2150771999166569
0.2264040621234794
0.2377320064103657
0.249061087805649
0.2603913614741422
0.2717228827239242
0.2830557070131748
0.29438988995704507
0.3057254873345806
0.31706255509568587
0.32840114936814235
0.3397413264646752
0.3510831428900778
0.3624266553483892
0.3737719207501302
0.38511899621960366
0.39646793910225325
0.40781880697208717
0.41917165763917585
0.4305265491572138
0.4418835398311561
0.4532426882249272
0.46460405316921444
0.4759676937693344
0.48733366941318235
0.4987020397792742
0.5100728648448695
0.5214462048941872
0.5328221205267196
0.5442006726656321
0.5555819225662787
0.5669659318248029
0.5783527623868594
0.5897424765564316
0.6011351370047734
0.6125308067794537
0.6239295493135326
0.6353314284348461
0.6467365083754277
0.6581448537810533
0.6695565297209184
0.6809716016974534
0.6923901356562803
0.7038121979963089
0.7152378555799863
0.7266671757436933
0.7381002263083031
0.7495370755898938
0.760977792410631
0.772422446109817
0.7838711065551154
0.7953238441539535
0.806780729865107
0.8182418352104777
0.8297072322870578
0.8411769937790998
0.8526511929704845
0.8641299037573044
0.8756132006606554
0.8871011588396568
0.8985938541046918
0.9100913629308856
0.9215937624718187
0.9331011305734906
0.9446135457885314
0.9561310873906728
0.96765383538949
0.9791818705454088
0.9907152743850016
1.0022541292165654
1.0137985181459976
1.0253485250929775
1.0369042348074582
1.0484657328864775
1.060033105791305
1.0716064408649189
1.0831858263498357
1.0947713514063007
1.1063631061308343
1.1179611815751687
1.129565669765563
1.141176663722523
1.152794257480925
1.164418546110566
1.176049625737145
1.187687593563687
1.1993325478924273
1.2109845881471657
1.2226438148961065
1.234310329875191
1.2459842360119497
1.2576656374498723
1.2693546395733286
1.2810513490330393
1.29275587377213
1.3044683230527592
1.3161888074833747
1.3279174390465789
1.3396543311276505
1.351399598543718
1.3631533575736245
1.3749157259884948
1.386686823083024
1.3984667697075102
1.4102556883006665
1.4220537029232176
1.4338609392923067
1.445677524816761
1.4575035886332084
1.4693392616430998
1.4811846765506491
1.4930399679017219
1.5049052721237115
1.516780727566423
1.5286664745440075
1.5405626553779705
1.552469414441271
1.56438689820362
1.5763152552779276
1.5882546364679642
1.6002051948173188
1.6121670856596508
1.6241404666702715
1.6361254979191577
1.6481223419253759
1.660131163713003
1.6721521308686003
1.6841854136002619
1.6962311847983276
1.7082896200977808
1.7203608979424359
1.7324451996509225
1.7445427094845751
1.7566536147172802
1.7687781057073364
1.7809163759714224
1.7930686222607317
1.8052350446393652
1.8174158465650496
1.8296112349722806
1.8418214203579706
1.8540466168697
1.8662870423966664
1.8785429186634328
1.8908144713265795
1.9031019300743766
1.9154055287295835
1.927725505355506
1.940062102365429
1.952415566635557
1.964786149621614
1.9771741074792266
1.9895797011882594
2.002003196681251
2.014444864976122
2.026904982313325
2.0393838302976257
2.051881696044696
2.064398872332732
2.076935657759297
2.0894923569036177
2.102069280494561
2.1146667455845414
2.1272850757296036
2.139924601175968
2.1525856590533015
2.1652685935750293
2.177973756245992
2.190701506077776
2.203452209812076
2.216226242152448
2.229023986004838
2.2418458327272957
2.254692182389313
2.267563444041224
2.280460035994153
2.293382386111031
2.3063309321091836
2.3193061218750954
2.3323084137919166
2.345338277080364
2.358396192153683
2.3714826509873834
2.384598157504496
2.3977432279771596
2.4109183914453816
2.4241241901538713
2.4373611800079127
2.4506299310492774
2.463931027953282
2.47726507054812
2.4906326743577116
2.504034471169366
2.51747110962766
2.530943255856007
2.5444515941075165
2.557996827446825
2.5715796784647234
2.5852008900275054
2.5988612260631214
2.6125614723863526
2.6263024375653914
2.640084953832376
2.653909878040631
2.667778092671548
2.6816905068942862
2.6956480576816917
2.709651710986111
2.723702462979056
2.7378013413589852
2.751949406731818
2.7661477540691526
2.7803975142495836
2.7946998556889544
2.8090559860658644
2.8234671541492915
2.8379346517357877
2.85245981570434
2.8670440301977194
2.8816887289399236
2.8963953977001875
2.911165576915014
2.9260008644807254
2.940902918730247
2.955873461609123
2.970914282067259
2.9860272396844887
3.0012142685499077
3.0164773814169394
3.031818674158377
3.0472403305482123
3.0627446273999213
3.0783339400941125
3.0940107485320976
3.1097776435560442
3.1256373338810564
3.141592653589793