3.1009911404757493
3.060329839703044
3.019559643220002
2.9786425346905396
2.937551118740352
2.8962682553051886
2.8547867491491403
2.81310905081534
2.7712469307760026
2.7292210940649664
2.687060708690901
2.644802827923757
2.6024916941935503
2.5601779207047852
2.517917555625342
2.475771042371117
2.433802097492385
2.3920765343641737
2.35066106573972
2.3096221208319383
2.269024712735058
2.22893138971698
2.1894012994684076
2.1504893892531407
2.1122457576660416
2.0747151660283656
2.0379367099672594
2.001943644977885
1.9667633541541334
1.9324174420374605
1.8989219357546154
1.8662875732378967
1.834520158186014
1.8036209623031958
1.773587156992634
1.7444122588220694
1.7160865754918888
1.688597641524218
1.6619306353033148
1.6360687713251336
1.6109936634890487
1.5866856569529724
1.563124127466353
1.5402877482047466
1.5181547249784695
1.4967030013075027
1.4759104352788595
1.4557549503658145
1.4362146625224534
1.4172679859010937
1.3988937194993782
1.3810711169494714
1.3637799415310934
1.3470005083370449
1.3307137153551067
1.314901065061926
1.2995446779586086
1.2846272993184686
1.270132300267408
1.2560436741784549
1.2423460292348578
1.2290245779011049
1.2160651239380174
1.2034540475062738