1.5813129492171154
1.5920517321928842
1.603015715874174
1.6142140203035837
1.6256551817666631
1.6373484263006997
1.6493021284003315
1.6615288409232336
1.6740385483667377
1.686841986527907
1.6999505227147806
1.7133773936468282
1.7271360181497422
1.741240621648515
1.7557063283971845
1.7705492152389628
1.7857864048289613
1.8014361696957335
1.81751800388937
1.8340527442436698
1.8510627131080934
1.868571845295278
1.886605832173481
1.9051923638020551
1.9243611294335494
1.9441443213663205
1.9645767069283908
1.985696363522238
2.007543352466486
2.0301627218802047
2.0536029282072263
2.077917264150801
2.10316343132423
2.129405945190525
2.1567152395945177
2.1851694774463857
2.21485521694172
2.2458686299469726
2.2783185802136483
2.312326113450951
2.348027726020592
2.3855787925219194
2.4251560227939324
2.46696254780165
2.5112316085040107
2.5582359898969234
2.608294022210912
2.66178238817603
2.7191503550449694
2.780940092694379
2.847814089446654
2.920593404817665
3.000312927400704
3.0883025781144235
3.1863115370869375
3.2967052872604397
3.4227940881685144
3.569416869409898
3.7440583785027735
3.9592184905675527
4.238230188147793
4.633132389677621
5.307669884942998
8.992017745615717