3.141592653589793
3.100346334854528
3.0590374506030584
3.0176147981573584
2.976038970413299
2.934281851747432
2.8923262267186547
2.8501654462182957
2.8078031026811368
2.7652526721970303
2.722537087659084
2.6796882139969247
2.6367462043738943
2.593758725029197
2.5507800460293635
2.5078700051435874
2.465092861782664
2.4225160667449352
2.3802089806877693
2.3382415791741797
2.2966831844019158
2.255601263132206
2.21506032700871
2.1751209657774364
2.1358390364862956
2.0972650232920924
2.0594435738017705
2.0224132096337457
1.9862062016816666
1.9508485947960996
1.9163603624754137
1.8827556697009196
1.8500432211406903
1.818226672354603
1.7873050830744455
1.7572733938043283
1.7281229095999384
1.6998417776890065
1.6724154483874987
1.6458271113966223
1.6200581019350193
1.595088273212192
1.5708963334614814
1.547460147132421
1.524757000899468
1.5027638359538626
1.4814574485713519
1.4608146613213064
1.4408124674656506
1.4214281511672018
1.4026393861010589
1.3844243149692357
1.3667616122789537
1.3496305325759592
1.333010946139333
1.3168833639536424
1.3012289535853199
1.286029547408069
1.271267644450392
1.2569264069790593
1.24298965278665
1.2294418440194905
1.2162680732642248
1.2034540475062738