0.02598108688401927
0.05266019842188299
0.09522598270103581
0.13986296867881634
0.1850874264388191
0.23056387286167965
0.2761785928540594
0.32188412780788833
0.36765839824427304
0.41349076030332504
0.45937635953197986
0.5053135479070882
0.5513025896321332
0.5973449658233343
0.6434429802533486
0.6895995264542523
0.7358179460850696
0.7821019413747874
0.8284555209653206
0.874882967197816
0.9213888176957895
0.9679778568567192
1.0146551145010136
1.0614258699306993
1.1082956602842464
1.1552702924870855
1.202355858375527
1.2495587527662018
1.2968856943850824
1.3443437496794617
1.3919403596256863
1.439683369723771
1.4875810634433198
1.5356421994581604
1.5838760530836202
1.6322924624137247
1.680901879749252
1.729715429015446
1.7787449699931144
1.8280031703354496
1.8775035865190166
1.9272607550893626
1.9772902958178573
2.02760902869822
2.0782351070929774
2.129188169810683
2.1804895154781567
2.232162303300454
2.284231785216691
2.336725575618976
2.389673966280416
2.4431102960403077
2.4970713872628174
2.5515980643182457
2.606735773613104
2.662535330415719
2.7190538254652514
2.7763557349619163
2.8345142922807525
2.8936132005549693
2.953748795120219
3.0150328084218856
3.0775959550249556
3.141592653589793